0.0002 0.0001 0.0002105657458331041
0.0003 0.0 0.000332392950909312
0.0005 0.0 0.0005145792704039531
0.0006 0.0001 0.0007812484492633587
0.0012 0.0 0.0011632215767766855
0.0015 0.0003 0.001698525729930802
0.0031 0.0001 0.0024323059965126385
0.0045 0.0004 0.0034158649381200155
0.0054 0.0009 0.004704566050039047
0.0067 0.0013 0.0063544043895372715
0.0092 0.0017 0.008417178331977318
0.0112 0.0035 0.010934391188897462
0.0144 0.0031 0.01393025560853831
0.0189 0.0051 0.01740443636317327
0.0215 0.0084 0.021325402699682666
0.0234 0.0095 0.025625415632287082
0.0343 0.0148 0.0301981956867338
0.0415 0.0198 0.034900164306627936
0.0456 0.0231 0.03955581597467649
0.0502 0.0275 0.04396728247112166
0.0511 0.0364 0.04792755773884679
0.0507 0.0384 0.05123625449777083
0.057 0.0514 0.05371627010646446
0.0528 0.0531 0.05522945064154835
0.0572 0.0574 0.05568933058360485
0.0548 0.0646 0.05506931459474136
0.0477 0.0654 0.053405224439360216
0.0467 0.0623 0.05079187176333679
0.0454 0.0636 0.04737411285083939
0.0432 0.0567 0.04333355933182154
0.0372 0.057 0.03887263983916325
0.0318 0.0464 0.03419795261176846
0.0276 0.0447 0.029504793365833476
0.0216 0.0364 0.024964418151795276
0.0182 0.0327 0.020715084964698857
0.0158 0.0311 0.016857314492611405
0.0106 0.0233 0.013453226652943767
0.0098 0.0153 0.010529334640617295
0.0088 0.014 0.008081868833981256
0.0037 0.0079 0.006083577801638238
0.0043 0.0079 0.004490996690215063
0.0032 0.0039 0.003251343114996904
0.0024 0.0036 0.0023084436136339976
0.0018 0.0029 0.0016073562316197168
0.001 0.0017 0.0010975931939507112
0.0004 0.0009 0.0007350333968750041
0.0006 0.0004 0.0004827353896944008
0.0003 0.0002 0.0003109192450074746
0.0 0.0004 0.00019639140183262227
0.0001 0.0003 0.00012165605672426248
